[ColorIntrinsic]
fx=460.082031
fy=460.323242
cx=325.222778
cy=241.309494
width=640
height=480
[ColorDistortion]
k1=0.006128
k2=-0.046448
k3=0.031572
k4=0.000000
k5=0.000000
k6=0.000000
p1=-0.000910
p2=0.000066


